{
 "cells": [
  {
   "cell_type": "code",
   "execution_count": 1,
   "metadata": {},
   "outputs": [
    {
     "data": {
      "text/plain": [
       "'/home/luca/uni/master/dl-in-vc/voxl3r'"
      ]
     },
     "execution_count": 1,
     "metadata": {},
     "output_type": "execute_result"
    }
   ],
   "source": [
    "%load_ext autoreload\n",
    "%autoreload 2\n",
    "%pwd"
   ]
  },
  {
   "cell_type": "code",
   "execution_count": 2,
   "metadata": {},
   "outputs": [],
   "source": [
    "# setup PYTHONPATH\n",
    "import sys\n",
    "sys.path += ['.', './extern/scannetpp', './extern/mast3r', './extern/mast3r/dust3r']"
   ]
  },
  {
   "cell_type": "code",
   "execution_count": 3,
   "metadata": {},
   "outputs": [],
   "source": [
    "from pathlib import Path\n",
    "import torch\n",
    "from torchvision.io import read_image\n",
    "\n",
    "import pyvista as pv\n",
    "pv.set_jupyter_backend('client')"
   ]
  },
  {
   "cell_type": "code",
   "execution_count": 4,
   "metadata": {},
   "outputs": [],
   "source": [
    "pv.start_xvfb()"
   ]
  },
  {
   "cell_type": "code",
   "execution_count": 17,
   "metadata": {},
   "outputs": [
    {
     "name": "stdout",
     "output_type": "stream",
     "text": [
      "No best_ckpts.pt found, falling back to last checkpoint\n",
      "No data_config found in checkpoint, using default\n",
      "First image of training is: /home/luca/mnt/data/scannetpp/data/0cf2e9402d/iphone/rgb/frame_006420.jpg\n",
      "Chunk size was [1.28 1.28 1.28], resolution was 0.02, center was [0.         0.         1.47199988]\n",
      "Grid size was 64\n",
      "First image of validation is: /home/luca/mnt/data/scannetpp/data/0cf2e9402d/iphone/rgb/frame_004590.jpg\n",
      "Chunk size was [1.28 1.28 1.28], resolution was 0.02, center was [0.         0.         1.47199988]\n",
      "First image of test is: /home/luca/mnt/data/scannetpp/data/0cf2e9402d/iphone/rgb/frame_006820.jpg\n",
      "Chunk size was [1.28 1.28 1.28], resolution was 0.02, center was [0.         0.         1.47199988]\n"
     ]
    },
    {
     "data": {
      "application/vnd.jupyter.widget-view+json": {
       "model_id": "99274292e053408299af2f2d62336804",
       "version_major": 2,
       "version_minor": 0
      },
      "text/plain": [
       "Widget(value='<iframe src=\"http://localhost:37499/index.html?ui=P_0x7a41a13011f0_10&reconnect=auto\" class=\"pyv…"
      ]
     },
     "metadata": {},
     "output_type": "display_data"
    },
    {
     "ename": "AttributeError",
     "evalue": "\nThis plotter has not yet been set up and rendered with ``show()``.\nConsider setting ``off_screen=True`` for off screen rendering.\n",
     "output_type": "error",
     "traceback": [
      "\u001b[0;31m---------------------------------------------------------------------------\u001b[0m",
      "\u001b[0;31mAttributeError\u001b[0m                            Traceback (most recent call last)",
      "Cell \u001b[0;32mIn[17], line 11\u001b[0m\n\u001b[1;32m      8\u001b[0m last_ckpt_folder \u001b[38;5;241m=\u001b[39m ckpt_folder[\u001b[38;5;241m-\u001b[39m\u001b[38;5;241m1\u001b[39m]\n\u001b[1;32m      9\u001b[0m run_name \u001b[38;5;241m=\u001b[39m last_ckpt_folder\u001b[38;5;241m.\u001b[39mstem\n\u001b[0;32m---> 11\u001b[0m \u001b[43mvisualize_run\u001b[49m\u001b[43m(\u001b[49m\u001b[43mrun_name\u001b[49m\u001b[43m,\u001b[49m\u001b[43m \u001b[49m\u001b[38;5;241;43m2\u001b[39;49m\u001b[43m,\u001b[49m\u001b[43m \u001b[49m\u001b[38;5;241;43m0\u001b[39;49m\u001b[43m,\u001b[49m\u001b[43m \u001b[49m\u001b[43mshow\u001b[49m\u001b[43m \u001b[49m\u001b[38;5;241;43m=\u001b[39;49m\u001b[43m \u001b[49m\u001b[43m[\u001b[49m\u001b[38;5;124;43m\"\u001b[39;49m\u001b[38;5;124;43mtrain\u001b[39;49m\u001b[38;5;124;43m\"\u001b[39;49m\u001b[43m]\u001b[49m\u001b[43m)\u001b[49m\n",
      "File \u001b[0;32m~/uni/master/dl-in-vc/voxl3r/models/surface_net_3d/run.py:173\u001b[0m, in \u001b[0;36mvisualize_run\u001b[0;34m(run_name, idx_train, idx_val, show)\u001b[0m\n\u001b[1;32m    171\u001b[0m \u001b[38;5;66;03m# Save visualization\u001b[39;00m\n\u001b[1;32m    172\u001b[0m save_path \u001b[38;5;241m=\u001b[39m ckpt_dir \u001b[38;5;241m/\u001b[39m \u001b[38;5;124m\"\u001b[39m\u001b[38;5;124moccupancy_comparison.png\u001b[39m\u001b[38;5;124m\"\u001b[39m\n\u001b[0;32m--> 173\u001b[0m \u001b[43mvisualize_voxel_grids\u001b[49m\u001b[43m(\u001b[49m\n\u001b[1;32m    174\u001b[0m \u001b[43m    \u001b[49m\u001b[43mcombined_occupancy\u001b[49m\u001b[38;5;241;43m.\u001b[39;49m\u001b[43mdetach\u001b[49m\u001b[43m(\u001b[49m\u001b[43m)\u001b[49m\u001b[38;5;241;43m.\u001b[39;49m\u001b[43mcpu\u001b[49m\u001b[43m(\u001b[49m\u001b[43m)\u001b[49m\u001b[43m,\u001b[49m\u001b[43m  \u001b[49m\u001b[38;5;66;43;03m# Repeat channels for RGB\u001b[39;49;00m\n\u001b[1;32m    175\u001b[0m \u001b[43m    \u001b[49m\u001b[43mconfig\u001b[49m\u001b[38;5;241;43m=\u001b[39;49m\u001b[43mvis_config\u001b[49m\u001b[43m,\u001b[49m\n\u001b[1;32m    176\u001b[0m \u001b[43m    \u001b[49m\u001b[43mlabels\u001b[49m\u001b[38;5;241;43m=\u001b[39;49m\u001b[43mlabels\u001b[49m\u001b[43m,\u001b[49m\n\u001b[1;32m    177\u001b[0m \u001b[43m    \u001b[49m\u001b[43mmask\u001b[49m\u001b[38;5;241;43m=\u001b[39;49m\u001b[43mmask\u001b[49m\u001b[43m,\u001b[49m\n\u001b[1;32m    178\u001b[0m \u001b[43m    \u001b[49m\u001b[43msave_path\u001b[49m\u001b[38;5;241;43m=\u001b[39;49m\u001b[38;5;28;43mstr\u001b[39;49m\u001b[43m(\u001b[49m\u001b[43msave_path\u001b[49m\u001b[43m)\u001b[49m\u001b[43m,\u001b[49m\n\u001b[1;32m    179\u001b[0m \u001b[43m\u001b[49m\u001b[43m)\u001b[49m\n\u001b[1;32m    180\u001b[0m \u001b[38;5;28mprint\u001b[39m(\u001b[38;5;124mf\u001b[39m\u001b[38;5;124m\"\u001b[39m\u001b[38;5;124mSaved visualization to \u001b[39m\u001b[38;5;132;01m{\u001b[39;00msave_path\u001b[38;5;132;01m}\u001b[39;00m\u001b[38;5;124m\"\u001b[39m)\n",
      "File \u001b[0;32m~/uni/master/dl-in-vc/voxl3r/models/surface_net_3d/visualize.py:321\u001b[0m, in \u001b[0;36mvisualize_voxel_grids\u001b[0;34m(voxels, config, save_path, mask, labels)\u001b[0m\n\u001b[1;32m    318\u001b[0m     visualizer\u001b[38;5;241m.\u001b[39mvisualize_batch(voxels, mask\u001b[38;5;241m=\u001b[39mmask, labels\u001b[38;5;241m=\u001b[39mlabels)\n\u001b[1;32m    320\u001b[0m \u001b[38;5;28;01mif\u001b[39;00m save_path \u001b[38;5;129;01mis\u001b[39;00m \u001b[38;5;129;01mnot\u001b[39;00m \u001b[38;5;28;01mNone\u001b[39;00m:\n\u001b[0;32m--> 321\u001b[0m     \u001b[43mvisualizer\u001b[49m\u001b[38;5;241;43m.\u001b[39;49m\u001b[43msave_screenshot\u001b[49m\u001b[43m(\u001b[49m\u001b[43msave_path\u001b[49m\u001b[43m)\u001b[49m\n\u001b[1;32m    323\u001b[0m visualizer\u001b[38;5;241m.\u001b[39mclose()\n",
      "File \u001b[0;32m~/uni/master/dl-in-vc/voxl3r/models/surface_net_3d/visualize.py:295\u001b[0m, in \u001b[0;36mVoxelGridVisualizer.save_screenshot\u001b[0;34m(self, filename)\u001b[0m\n\u001b[1;32m    293\u001b[0m \u001b[38;5;28;01mdef\u001b[39;00m \u001b[38;5;21msave_screenshot\u001b[39m(\u001b[38;5;28mself\u001b[39m, filename: \u001b[38;5;28mstr\u001b[39m):\n\u001b[1;32m    294\u001b[0m \u001b[38;5;250m    \u001b[39m\u001b[38;5;124;03m\"\"\"Save the current view to an image file.\"\"\"\u001b[39;00m\n\u001b[0;32m--> 295\u001b[0m     \u001b[38;5;28;43mself\u001b[39;49m\u001b[38;5;241;43m.\u001b[39;49m\u001b[43mplotter\u001b[49m\u001b[38;5;241;43m.\u001b[39;49m\u001b[43mscreenshot\u001b[49m\u001b[43m(\u001b[49m\u001b[43mfilename\u001b[49m\u001b[43m)\u001b[49m\n",
      "File \u001b[0;32m~/.cache/pypoetry/virtualenvs/voxl3r-xXnK9ReQ-py3.12/lib/python3.12/site-packages/pyvista/plotting/plotter.py:6079\u001b[0m, in \u001b[0;36mBasePlotter.screenshot\u001b[0;34m(self, filename, transparent_background, return_img, window_size, scale)\u001b[0m\n\u001b[1;32m   6077\u001b[0m \u001b[38;5;28;01mwith\u001b[39;00m \u001b[38;5;28mself\u001b[39m\u001b[38;5;241m.\u001b[39mimage_scale_context(scale):\n\u001b[1;32m   6078\u001b[0m     \u001b[38;5;28mself\u001b[39m\u001b[38;5;241m.\u001b[39m_make_render_window_current()\n\u001b[0;32m-> 6079\u001b[0m     \u001b[38;5;28;01mreturn\u001b[39;00m \u001b[38;5;28mself\u001b[39m\u001b[38;5;241m.\u001b[39m_save_image(\u001b[38;5;28;43mself\u001b[39;49m\u001b[38;5;241;43m.\u001b[39;49m\u001b[43mimage\u001b[49m, filename, return_img)\n",
      "File \u001b[0;32m~/.cache/pypoetry/virtualenvs/voxl3r-xXnK9ReQ-py3.12/lib/python3.12/site-packages/pyvista/plotting/plotter.py:1906\u001b[0m, in \u001b[0;36mBasePlotter.image\u001b[0;34m(self)\u001b[0m\n\u001b[1;32m   1903\u001b[0m \u001b[38;5;28;01mif\u001b[39;00m \u001b[38;5;28mself\u001b[39m\u001b[38;5;241m.\u001b[39mrender_window \u001b[38;5;129;01mis\u001b[39;00m \u001b[38;5;28;01mNone\u001b[39;00m \u001b[38;5;129;01mand\u001b[39;00m \u001b[38;5;28mself\u001b[39m\u001b[38;5;241m.\u001b[39mlast_image \u001b[38;5;129;01mis\u001b[39;00m \u001b[38;5;129;01mnot\u001b[39;00m \u001b[38;5;28;01mNone\u001b[39;00m:\n\u001b[1;32m   1904\u001b[0m     \u001b[38;5;28;01mreturn\u001b[39;00m \u001b[38;5;28mself\u001b[39m\u001b[38;5;241m.\u001b[39mlast_image\n\u001b[0;32m-> 1906\u001b[0m \u001b[38;5;28;43mself\u001b[39;49m\u001b[38;5;241;43m.\u001b[39;49m\u001b[43m_check_rendered\u001b[49m\u001b[43m(\u001b[49m\u001b[43m)\u001b[49m\n\u001b[1;32m   1907\u001b[0m \u001b[38;5;28mself\u001b[39m\u001b[38;5;241m.\u001b[39m_check_has_ren_win()\n\u001b[1;32m   1909\u001b[0m data \u001b[38;5;241m=\u001b[39m image_from_window(\u001b[38;5;28mself\u001b[39m\u001b[38;5;241m.\u001b[39mrender_window, scale\u001b[38;5;241m=\u001b[39m\u001b[38;5;28mself\u001b[39m\u001b[38;5;241m.\u001b[39mimage_scale)\n",
      "File \u001b[0;32m~/.cache/pypoetry/virtualenvs/voxl3r-xXnK9ReQ-py3.12/lib/python3.12/site-packages/pyvista/plotting/plotter.py:1866\u001b[0m, in \u001b[0;36mBasePlotter._check_rendered\u001b[0;34m(self)\u001b[0m\n\u001b[1;32m   1864\u001b[0m \u001b[38;5;250m\u001b[39m\u001b[38;5;124;03m\"\"\"Check if the render window has been shown and raise an exception if not.\"\"\"\u001b[39;00m\n\u001b[1;32m   1865\u001b[0m \u001b[38;5;28;01mif\u001b[39;00m \u001b[38;5;129;01mnot\u001b[39;00m \u001b[38;5;28mself\u001b[39m\u001b[38;5;241m.\u001b[39m_rendered:\n\u001b[0;32m-> 1866\u001b[0m     \u001b[38;5;28;01mraise\u001b[39;00m \u001b[38;5;167;01mAttributeError\u001b[39;00m(\n\u001b[1;32m   1867\u001b[0m         \u001b[38;5;124m'\u001b[39m\u001b[38;5;130;01m\\n\u001b[39;00m\u001b[38;5;124mThis plotter has not yet been set up and rendered \u001b[39m\u001b[38;5;124m'\u001b[39m\n\u001b[1;32m   1868\u001b[0m         \u001b[38;5;124m'\u001b[39m\u001b[38;5;124mwith ``show()``.\u001b[39m\u001b[38;5;130;01m\\n\u001b[39;00m\u001b[38;5;124m'\u001b[39m\n\u001b[1;32m   1869\u001b[0m         \u001b[38;5;124m'\u001b[39m\u001b[38;5;124mConsider setting ``off_screen=True`` \u001b[39m\u001b[38;5;124m'\u001b[39m\n\u001b[1;32m   1870\u001b[0m         \u001b[38;5;124m'\u001b[39m\u001b[38;5;124mfor off screen rendering.\u001b[39m\u001b[38;5;130;01m\\n\u001b[39;00m\u001b[38;5;124m'\u001b[39m,\n\u001b[1;32m   1871\u001b[0m     )\n",
      "\u001b[0;31mAttributeError\u001b[0m: \nThis plotter has not yet been set up and rendered with ``show()``.\nConsider setting ``off_screen=True`` for off screen rendering.\n"
     ]
    }
   ],
   "source": [
    "import os\n",
    "from models.surface_net_3d.run import visualize_run\n",
    "\n",
    "run_name = '62hctrps'\n",
    "\n",
    "ckpt_folder = list(Path(\"./.lightning/surface-net-3d/surface-net-3d/\").glob(\"*\"))\n",
    "ckpt_folder = sorted(ckpt_folder, key=os.path.getmtime)\n",
    "last_ckpt_folder = ckpt_folder[-1]\n",
    "run_name = last_ckpt_folder.stem\n",
    "\n",
    "visualize_run(run_name, 2, 0, show = [\"train\"])"
   ]
  },
  {
   "cell_type": "code",
   "execution_count": null,
   "metadata": {},
   "outputs": [
    {
     "data": {
      "text/plain": [
       "{'frame_000000.jpg': {'R_cw': array([[-0.96037249,  0.25331611, -0.11625677],\n",
       "         [ 0.23399095,  0.50613997, -0.83010274],\n",
       "         [-0.1514362 , -0.82441087, -0.54535658]]),\n",
       "  't_cw': array([[ 3.83153],\n",
       "         [-0.42915],\n",
       "         [ 2.59675]]),\n",
       "  'T_cw': array([[-0.96037249,  0.25331611, -0.11625677,  3.83153   ],\n",
       "         [ 0.23399095,  0.50613997, -0.83010274, -0.42915   ],\n",
       "         [-0.1514362 , -0.82441087, -0.54535658,  2.59675   ],\n",
       "         [ 0.        ,  0.        ,  0.        ,  1.        ]]),\n",
       "  'K': array([[1.43945e+03, 0.00000e+00, 9.58667e+02],\n",
       "         [0.00000e+00, 1.44116e+03, 7.20891e+02],\n",
       "         [0.00000e+00, 0.00000e+00, 1.00000e+00]]),\n",
       "  'dist_coeffs': array([ 6.15734e-02, -7.52698e-02, -5.13368e-04, -7.38036e-05]),\n",
       "  'width': 1920.0,\n",
       "  'height': 1440.0},\n",
       " 'frame_000010.jpg': {'R_cw': array([[-0.96587469,  0.23340676, -0.11228257],\n",
       "         [ 0.21976322,  0.50908294, -0.83218909],\n",
       "         [-0.13707741, -0.82846596, -0.54300455]]),\n",
       "  't_cw': array([[ 3.87921 ],\n",
       "         [-0.372324],\n",
       "         [ 2.5404  ]]),\n",
       "  'T_cw': array([[-0.96587469,  0.23340676, -0.11228257,  3.87921   ],\n",
       "         [ 0.21976322,  0.50908294, -0.83218909, -0.372324  ],\n",
       "         [-0.13707741, -0.82846596, -0.54300455,  2.5404    ],\n",
       "         [ 0.        ,  0.        ,  0.        ,  1.        ]]),\n",
       "  'K': array([[1.43945e+03, 0.00000e+00, 9.58667e+02],\n",
       "         [0.00000e+00, 1.44116e+03, 7.20891e+02],\n",
       "         [0.00000e+00, 0.00000e+00, 1.00000e+00]]),\n",
       "  'dist_coeffs': array([ 6.15734e-02, -7.52698e-02, -5.13368e-04, -7.38036e-05]),\n",
       "  'width': 1920.0,\n",
       "  'height': 1440.0},\n",
       " 'frame_000020.jpg': {'R_cw': array([[-0.97071802,  0.21473613, -0.1076797 ],\n",
       "         [ 0.2055901 ,  0.51077731, -0.83476898],\n",
       "         [-0.12425471, -0.83246317, -0.53996836]]),\n",
       "  't_cw': array([[ 3.91882 ],\n",
       "         [-0.313199],\n",
       "         [ 2.49202 ]]),\n",
       "  'T_cw': array([[-0.97071802,  0.21473613, -0.1076797 ,  3.91882   ],\n",
       "         [ 0.2055901 ,  0.51077731, -0.83476898, -0.313199  ],\n",
       "         [-0.12425471, -0.83246317, -0.53996836,  2.49202   ],\n",
       "         [ 0.        ,  0.        ,  0.        ,  1.        ]]),\n",
       "  'K': array([[1.43945e+03, 0.00000e+00, 9.58667e+02],\n",
       "         [0.00000e+00, 1.44116e+03, 7.20891e+02],\n",
       "         [0.00000e+00, 0.00000e+00, 1.00000e+00]]),\n",
       "  'dist_coeffs': array([ 6.15734e-02, -7.52698e-02, -5.13368e-04, -7.38036e-05]),\n",
       "  'width': 1920.0,\n",
       "  'height': 1440.0},\n",
       " 'frame_000030.jpg': {'R_cw': array([[-0.97399415,  0.19919227, -0.10797141],\n",
       "         [ 0.19778429,  0.51501559, -0.83405055],\n",
       "         [-0.11052946, -0.83371541, -0.54101928]]),\n",
       "  't_cw': array([[ 3.95395 ],\n",
       "         [-0.290805],\n",
       "         [ 2.44338 ]]),\n",
       "  'T_cw': array([[-0.97399415,  0.19919227, -0.10797141,  3.95395   ],\n",
       "         [ 0.19778429,  0.51501559, -0.83405055, -0.290805  ],\n",
       "         [-0.11052946, -0.83371541, -0.54101928,  2.44338   ],\n",
       "         [ 0.        ,  0.        ,  0.        ,  1.        ]]),\n",
       "  'K': array([[1.43945e+03, 0.00000e+00, 9.58667e+02],\n",
       "         [0.00000e+00, 1.44116e+03, 7.20891e+02],\n",
       "         [0.00000e+00, 0.00000e+00, 1.00000e+00]]),\n",
       "  'dist_coeffs': array([ 6.15734e-02, -7.52698e-02, -5.13368e-04, -7.38036e-05]),\n",
       "  'width': 1920.0,\n",
       "  'height': 1440.0},\n",
       " 'frame_000040.jpg': {'R_cw': array([[-0.97353963,  0.20067091, -0.10932419],\n",
       "         [ 0.1989271 ,  0.5087526 , -0.83761495],\n",
       "         [-0.11246599, -0.83719889, -0.5352097 ]]),\n",
       "  't_cw': array([[ 3.95354 ],\n",
       "         [-0.282814],\n",
       "         [ 2.45052 ]]),\n",
       "  'T_cw': array([[-0.97353963,  0.20067091, -0.10932419,  3.95354   ],\n",
       "         [ 0.1989271 ,  0.5087526 , -0.83761495, -0.282814  ],\n",
       "         [-0.11246599, -0.83719889, -0.5352097 ,  2.45052   ],\n",
       "         [ 0.        ,  0.        ,  0.        ,  1.        ]]),\n",
       "  'K': array([[1.43945e+03, 0.00000e+00, 9.58667e+02],\n",
       "         [0.00000e+00, 1.44116e+03, 7.20891e+02],\n",
       "         [0.00000e+00, 0.00000e+00, 1.00000e+00]]),\n",
       "  'dist_coeffs': array([ 6.15734e-02, -7.52698e-02, -5.13368e-04, -7.38036e-05]),\n",
       "  'width': 1920.0,\n",
       "  'height': 1440.0},\n",
       " 'frame_000050.jpg': {'R_cw': array([[-0.97327027,  0.20143652, -0.1103101 ],\n",
       "         [ 0.19796678,  0.4923551 , -0.84758221],\n",
       "         [-0.11642227, -0.8467643 , -0.51907232]]),\n",
       "  't_cw': array([[ 3.95409 ],\n",
       "         [-0.240273],\n",
       "         [ 2.4617  ]]),\n",
       "  'T_cw': array([[-0.97327027,  0.20143652, -0.1103101 ,  3.95409   ],\n",
       "         [ 0.19796678,  0.4923551 , -0.84758221, -0.240273  ],\n",
       "         [-0.11642227, -0.8467643 , -0.51907232,  2.4617    ],\n",
       "         [ 0.        ,  0.        ,  0.        ,  1.        ]]),\n",
       "  'K': array([[1.43945e+03, 0.00000e+00, 9.58667e+02],\n",
       "         [0.00000e+00, 1.44116e+03, 7.20891e+02],\n",
       "         [0.00000e+00, 0.00000e+00, 1.00000e+00]]),\n",
       "  'dist_coeffs': array([ 6.15734e-02, -7.52698e-02, -5.13368e-04, -7.38036e-05]),\n",
       "  'width': 1920.0,\n",
       "  'height': 1440.0},\n",
       " 'frame_000060.jpg': {'R_cw': array([[-0.97179077,  0.20839673, -0.11042422],\n",
       "         [ 0.19789015,  0.46578698, -0.86248593],\n",
       "         [-0.12830508, -0.86000773, -0.49388715]]),\n",
       "  't_cw': array([[ 3.94153 ],\n",
       "         [-0.176862],\n",
       "         [ 2.49694 ]]),\n",
       "  'T_cw': array([[-0.97179077,  0.20839673, -0.11042422,  3.94153   ],\n",
       "         [ 0.19789015,  0.46578698, -0.86248593, -0.176862  ],\n",
       "         [-0.12830508, -0.86000773, -0.49388715,  2.49694   ],\n",
       "         [ 0.        ,  0.        ,  0.        ,  1.        ]]),\n",
       "  'K': array([[1.43945e+03, 0.00000e+00, 9.58667e+02],\n",
       "         [0.00000e+00, 1.44116e+03, 7.20891e+02],\n",
       "         [0.00000e+00, 0.00000e+00, 1.00000e+00]]),\n",
       "  'dist_coeffs': array([ 6.15734e-02, -7.52698e-02, -5.13368e-04, -7.38036e-05]),\n",
       "  'width': 1920.0,\n",
       "  'height': 1440.0},\n",
       " 'frame_000070.jpg': {'R_cw': array([[-0.96964457,  0.21830607, -0.11014478],\n",
       "         [ 0.19649333,  0.42756558, -0.8823707 ],\n",
       "         [-0.14553276, -0.87722867, -0.45748233]]),\n",
       "  't_cw': array([[ 3.92081  ],\n",
       "         [-0.0798711],\n",
       "         [ 2.5427   ]]),\n",
       "  'T_cw': array([[-0.96964457,  0.21830607, -0.11014478,  3.92081   ],\n",
       "         [ 0.19649333,  0.42756558, -0.8823707 , -0.0798711 ],\n",
       "         [-0.14553276, -0.87722867, -0.45748233,  2.5427    ],\n",
       "         [ 0.        ,  0.        ,  0.        ,  1.        ]]),\n",
       "  'K': array([[1.43945e+03, 0.00000e+00, 9.58667e+02],\n",
       "         [0.00000e+00, 1.44116e+03, 7.20891e+02],\n",
       "         [0.00000e+00, 0.00000e+00, 1.00000e+00]]),\n",
       "  'dist_coeffs': array([ 6.15734e-02, -7.52698e-02, -5.13368e-04, -7.38036e-05]),\n",
       "  'width': 1920.0,\n",
       "  'height': 1440.0},\n",
       " 'frame_000080.jpg': {'R_cw': array([[-0.9639817 ,  0.24684603, -0.09902685],\n",
       "         [ 0.19267681,  0.39147229, -0.89979169],\n",
       "         [-0.18334374, -0.88646291, -0.42493363]]),\n",
       "  't_cw': array([[3.83859  ],\n",
       "         [0.0239642],\n",
       "         [2.66693  ]]),\n",
       "  'T_cw': array([[-0.9639817 ,  0.24684603, -0.09902685,  3.83859   ],\n",
       "         [ 0.19267681,  0.39147229, -0.89979169,  0.0239642 ],\n",
       "         [-0.18334374, -0.88646291, -0.42493363,  2.66693   ],\n",
       "         [ 0.        ,  0.        ,  0.        ,  1.        ]]),\n",
       "  'K': array([[1.43945e+03, 0.00000e+00, 9.58667e+02],\n",
       "         [0.00000e+00, 1.44116e+03, 7.20891e+02],\n",
       "         [0.00000e+00, 0.00000e+00, 1.00000e+00]]),\n",
       "  'dist_coeffs': array([ 6.15734e-02, -7.52698e-02, -5.13368e-04, -7.38036e-05]),\n",
       "  'width': 1920.0,\n",
       "  'height': 1440.0},\n",
       " 'frame_000090.jpg': {'R_cw': array([[-0.95461325,  0.28290282, -0.09316409],\n",
       "         [ 0.19648739,  0.36307511, -0.91080688],\n",
       "         [-0.22384427, -0.88777388, -0.40218314]]),\n",
       "  't_cw': array([[3.73964  ],\n",
       "         [0.0743098],\n",
       "         [2.80234  ]]),\n",
       "  'T_cw': array([[-0.95461325,  0.28290282, -0.09316409,  3.73964   ],\n",
       "         [ 0.19648739,  0.36307511, -0.91080688,  0.0743098 ],\n",
       "         [-0.22384427, -0.88777388, -0.40218314,  2.80234   ],\n",
       "         [ 0.        ,  0.        ,  0.        ,  1.        ]]),\n",
       "  'K': array([[1.43945e+03, 0.00000e+00, 9.58667e+02],\n",
       "         [0.00000e+00, 1.44116e+03, 7.20891e+02],\n",
       "         [0.00000e+00, 0.00000e+00, 1.00000e+00]]),\n",
       "  'dist_coeffs': array([ 6.15734e-02, -7.52698e-02, -5.13368e-04, -7.38036e-05]),\n",
       "  'width': 1920.0,\n",
       "  'height': 1440.0},\n",
       " 'frame_000100.jpg': {'R_cw': array([[-0.93587003,  0.34278226, -0.08153284],\n",
       "         [ 0.20280474,  0.33482672, -0.92019634],\n",
       "         [-0.28812761, -0.87771943, -0.38287216]]),\n",
       "  't_cw': array([[3.55921 ],\n",
       "         [0.111197],\n",
       "         [3.02311 ]]),\n",
       "  'T_cw': array([[-0.93587003,  0.34278226, -0.08153284,  3.55921   ],\n",
       "         [ 0.20280474,  0.33482672, -0.92019634,  0.111197  ],\n",
       "         [-0.28812761, -0.87771943, -0.38287216,  3.02311   ],\n",
       "         [ 0.        ,  0.        ,  0.        ,  1.        ]]),\n",
       "  'K': array([[1.43945e+03, 0.00000e+00, 9.58667e+02],\n",
       "         [0.00000e+00, 1.44116e+03, 7.20891e+02],\n",
       "         [0.00000e+00, 0.00000e+00, 1.00000e+00]]),\n",
       "  'dist_coeffs': array([ 6.15734e-02, -7.52698e-02, -5.13368e-04, -7.38036e-05]),\n",
       "  'width': 1920.0,\n",
       "  'height': 1440.0},\n",
       " 'frame_000110.jpg': {'R_cw': array([[-0.9062008 ,  0.41608013, -0.07534874],\n",
       "         [ 0.21827027,  0.30766842, -0.92611999],\n",
       "         [-0.3621577 , -0.85569707, -0.36962729]]),\n",
       "  't_cw': array([[3.31902  ],\n",
       "         [0.0989796],\n",
       "         [3.27277  ]]),\n",
       "  'T_cw': array([[-0.9062008 ,  0.41608013, -0.07534874,  3.31902   ],\n",
       "         [ 0.21827027,  0.30766842, -0.92611999,  0.0989796 ],\n",
       "         [-0.3621577 , -0.85569707, -0.36962729,  3.27277   ],\n",
       "         [ 0.        ,  0.        ,  0.        ,  1.        ]]),\n",
       "  'K': array([[1.43945e+03, 0.00000e+00, 9.58667e+02],\n",
       "         [0.00000e+00, 1.44116e+03, 7.20891e+02],\n",
       "         [0.00000e+00, 0.00000e+00, 1.00000e+00]]),\n",
       "  'dist_coeffs': array([ 6.15734e-02, -7.52698e-02, -5.13368e-04, -7.38036e-05]),\n",
       "  'width': 1920.0,\n",
       "  'height': 1440.0},\n",
       " 'frame_000120.jpg': {'R_cw': array([[-0.8699276 ,  0.4868765 , -0.07859546],\n",
       "         [ 0.23851883,  0.27586318, -0.93113279],\n",
       "         [-0.43166508, -0.82876461, -0.35611021]]),\n",
       "  't_cw': array([[3.05182  ],\n",
       "         [0.0703618],\n",
       "         [3.49531  ]]),\n",
       "  'T_cw': array([[-0.8699276 ,  0.4868765 , -0.07859546,  3.05182   ],\n",
       "         [ 0.23851883,  0.27586318, -0.93113279,  0.0703618 ],\n",
       "         [-0.43166508, -0.82876461, -0.35611021,  3.49531   ],\n",
       "         [ 0.        ,  0.        ,  0.        ,  1.        ]]),\n",
       "  'K': array([[1.43945e+03, 0.00000e+00, 9.58667e+02],\n",
       "         [0.00000e+00, 1.44116e+03, 7.20891e+02],\n",
       "         [0.00000e+00, 0.00000e+00, 1.00000e+00]]),\n",
       "  'dist_coeffs': array([ 6.15734e-02, -7.52698e-02, -5.13368e-04, -7.38036e-05]),\n",
       "  'width': 1920.0,\n",
       "  'height': 1440.0},\n",
       " 'frame_000130.jpg': {'R_cw': array([[-0.82490272,  0.56038889, -0.07416056],\n",
       "         [ 0.25895868,  0.25801338, -0.93078972],\n",
       "         [-0.5024698 , -0.78701549, -0.3579535 ]]),\n",
       "  't_cw': array([[2.73125  ],\n",
       "         [0.0200704],\n",
       "         [3.72977  ]]),\n",
       "  'T_cw': array([[-0.82490272,  0.56038889, -0.07416056,  2.73125   ],\n",
       "         [ 0.25895868,  0.25801338, -0.93078972,  0.0200704 ],\n",
       "         [-0.5024698 , -0.78701549, -0.3579535 ,  3.72977   ],\n",
       "         [ 0.        ,  0.        ,  0.        ,  1.        ]]),\n",
       "  'K': array([[1.43945e+03, 0.00000e+00, 9.58667e+02],\n",
       "         [0.00000e+00, 1.44116e+03, 7.20891e+02],\n",
       "         [0.00000e+00, 0.00000e+00, 1.00000e+00]]),\n",
       "  'dist_coeffs': array([ 6.15734e-02, -7.52698e-02, -5.13368e-04, -7.38036e-05]),\n",
       "  'width': 1920.0,\n",
       "  'height': 1440.0},\n",
       " 'frame_000140.jpg': {'R_cw': array([[-0.76913995,  0.63410329, -0.07960379],\n",
       "         [ 0.28618104,  0.23036642, -0.93007082],\n",
       "         [-0.57142292, -0.73813571, -0.35865235]]),\n",
       "  't_cw': array([[ 2.38243  ],\n",
       "         [-0.0474536],\n",
       "         [ 3.93785  ]]),\n",
       "  'T_cw': array([[-0.76913995,  0.63410329, -0.07960379,  2.38243   ],\n",
       "         [ 0.28618104,  0.23036642, -0.93007082, -0.0474536 ],\n",
       "         [-0.57142292, -0.73813571, -0.35865235,  3.93785   ],\n",
       "         [ 0.        ,  0.        ,  0.        ,  1.        ]]),\n",
       "  'K': array([[1.43945e+03, 0.00000e+00, 9.58667e+02],\n",
       "         [0.00000e+00, 1.44116e+03, 7.20891e+02],\n",
       "         [0.00000e+00, 0.00000e+00, 1.00000e+00]]),\n",
       "  'dist_coeffs': array([ 6.15734e-02, -7.52698e-02, -5.13368e-04, -7.38036e-05]),\n",
       "  'width': 1920.0,\n",
       "  'height': 1440.0},\n",
       " 'frame_000150.jpg': {'R_cw': array([[-0.70437166,  0.70464872, -0.08561982],\n",
       "         [ 0.31477336,  0.20196003, -0.92743187],\n",
       "         [-0.6362219 , -0.68020757, -0.36405957]]),\n",
       "  't_cw': array([[ 2.01097 ],\n",
       "         [-0.116237],\n",
       "         [ 4.11787 ]]),\n",
       "  'T_cw': array([[-0.70437166,  0.70464872, -0.08561982,  2.01097   ],\n",
       "         [ 0.31477336,  0.20196003, -0.92743187, -0.116237  ],\n",
       "         [-0.6362219 , -0.68020757, -0.36405957,  4.11787   ],\n",
       "         [ 0.        ,  0.        ,  0.        ,  1.        ]]),\n",
       "  'K': array([[1.43945e+03, 0.00000e+00, 9.58667e+02],\n",
       "         [0.00000e+00, 1.44116e+03, 7.20891e+02],\n",
       "         [0.00000e+00, 0.00000e+00, 1.00000e+00]]),\n",
       "  'dist_coeffs': array([ 6.15734e-02, -7.52698e-02, -5.13368e-04, -7.38036e-05]),\n",
       "  'width': 1920.0,\n",
       "  'height': 1440.0},\n",
       " 'frame_000160.jpg': {'R_cw': array([[-0.63738713,  0.76615688, -0.08210536],\n",
       "         [ 0.33228759,  0.17716248, -0.92638999],\n",
       "         [-0.69521407, -0.61775164, -0.36750551]]),\n",
       "  't_cw': array([[ 1.63213 ],\n",
       "         [-0.146199],\n",
       "         [ 4.26032 ]]),\n",
       "  'T_cw': array([[-0.63738713,  0.76615688, -0.08210536,  1.63213   ],\n",
       "         [ 0.33228759,  0.17716248, -0.92638999, -0.146199  ],\n",
       "         [-0.69521407, -0.61775164, -0.36750551,  4.26032   ],\n",
       "         [ 0.        ,  0.        ,  0.        ,  1.        ]]),\n",
       "  'K': array([[1.43945e+03, 0.00000e+00, 9.58667e+02],\n",
       "         [0.00000e+00, 1.44116e+03, 7.20891e+02],\n",
       "         [0.00000e+00, 0.00000e+00, 1.00000e+00]]),\n",
       "  'dist_coeffs': array([ 6.15734e-02, -7.52698e-02, -5.13368e-04, -7.38036e-05]),\n",
       "  'width': 1920.0,\n",
       "  'height': 1440.0},\n",
       " 'frame_000170.jpg': {'R_cw': array([[-0.57111508,  0.81692358, -0.08039549],\n",
       "         [ 0.34738639,  0.15179296, -0.92535484],\n",
       "         [-0.74374072, -0.5564124 , -0.37047939]]),\n",
       "  't_cw': array([[ 1.28245 ],\n",
       "         [-0.168689],\n",
       "         [ 4.35894 ]]),\n",
       "  'T_cw': array([[-0.57111508,  0.81692358, -0.08039549,  1.28245   ],\n",
       "         [ 0.34738639,  0.15179296, -0.92535484, -0.168689  ],\n",
       "         [-0.74374072, -0.5564124 , -0.37047939,  4.35894   ],\n",
       "         [ 0.        ,  0.        ,  0.        ,  1.        ]]),\n",
       "  'K': array([[1.43945e+03, 0.00000e+00, 9.58667e+02],\n",
       "         [0.00000e+00, 1.44116e+03, 7.20891e+02],\n",
       "         [0.00000e+00, 0.00000e+00, 1.00000e+00]]),\n",
       "  'dist_coeffs': array([ 6.15734e-02, -7.52698e-02, -5.13368e-04, -7.38036e-05]),\n",
       "  'width': 1920.0,\n",
       "  'height': 1440.0},\n",
       " 'frame_000180.jpg': {'R_cw': array([[-0.49247153,  0.86687335, -0.07747503],\n",
       "         [ 0.36463952,  0.12468194, -0.92276348],\n",
       "         [-0.79025933, -0.4826852 , -0.37749859]]),\n",
       "  't_cw': array([[ 0.882013],\n",
       "         [-0.195123],\n",
       "         [ 4.43637 ]]),\n",
       "  'T_cw': array([[-0.49247153,  0.86687335, -0.07747503,  0.882013  ],\n",
       "         [ 0.36463952,  0.12468194, -0.92276348, -0.195123  ],\n",
       "         [-0.79025933, -0.4826852 , -0.37749859,  4.43637   ],\n",
       "         [ 0.        ,  0.        ,  0.        ,  1.        ]]),\n",
       "  'K': array([[1.43945e+03, 0.00000e+00, 9.58667e+02],\n",
       "         [0.00000e+00, 1.44116e+03, 7.20891e+02],\n",
       "         [0.00000e+00, 0.00000e+00, 1.00000e+00]]),\n",
       "  'dist_coeffs': array([ 6.15734e-02, -7.52698e-02, -5.13368e-04, -7.38036e-05]),\n",
       "  'width': 1920.0,\n",
       "  'height': 1440.0},\n",
       " 'frame_000190.jpg': {'R_cw': array([[-0.4092557 ,  0.90954153, -0.0724153 ],\n",
       "         [ 0.38099679,  0.098237  , -0.91934267],\n",
       "         [-0.82906647, -0.40383622, -0.38673646]]),\n",
       "  't_cw': array([[ 0.468896],\n",
       "         [-0.222734],\n",
       "         [ 4.48151 ]]),\n",
       "  'T_cw': array([[-0.4092557 ,  0.90954153, -0.0724153 ,  0.468896  ],\n",
       "         [ 0.38099679,  0.098237  , -0.91934267, -0.222734  ],\n",
       "         [-0.82906647, -0.40383622, -0.38673646,  4.48151   ],\n",
       "         [ 0.        ,  0.        ,  0.        ,  1.        ]]),\n",
       "  'K': array([[1.43945e+03, 0.00000e+00, 9.58667e+02],\n",
       "         [0.00000e+00, 1.44116e+03, 7.20891e+02],\n",
       "         [0.00000e+00, 0.00000e+00, 1.00000e+00]]),\n",
       "  'dist_coeffs': array([ 6.15734e-02, -7.52698e-02, -5.13368e-04, -7.38036e-05]),\n",
       "  'width': 1920.0,\n",
       "  'height': 1440.0},\n",
       " 'frame_000200.jpg': {'R_cw': array([[-0.32571346,  0.9433914 , -0.06263704],\n",
       "         [ 0.39852935,  0.07691487, -0.91392475],\n",
       "         [-0.85737104, -0.3226403 , -0.40102138]]),\n",
       "  't_cw': array([[ 0.0629453],\n",
       "         [-0.268616 ],\n",
       "         [ 4.48481  ]]),\n",
       "  'T_cw': array([[-0.32571346,  0.9433914 , -0.06263704,  0.0629453 ],\n",
       "         [ 0.39852935,  0.07691487, -0.91392475, -0.268616  ],\n",
       "         [-0.85737104, -0.3226403 , -0.40102138,  4.48481   ],\n",
       "         [ 0.        ,  0.        ,  0.        ,  1.        ]]),\n",
       "  'K': array([[1.43945e+03, 0.00000e+00, 9.58667e+02],\n",
       "         [0.00000e+00, 1.44116e+03, 7.20891e+02],\n",
       "         [0.00000e+00, 0.00000e+00, 1.00000e+00]]),\n",
       "  'dist_coeffs': array([ 6.15734e-02, -7.52698e-02, -5.13368e-04, -7.38036e-05]),\n",
       "  'width': 1920.0,\n",
       "  'height': 1440.0},\n",
       " 'frame_000210.jpg': {'R_cw': array([[-0.24698922,  0.96712455, -0.0605511 ],\n",
       "         [ 0.42202976,  0.05110983, -0.90514014],\n",
       "         [-0.87228849, -0.24911422, -0.42077892]]),\n",
       "  't_cw': array([[-0.290336],\n",
       "         [-0.343616],\n",
       "         [ 4.44985 ]]),\n",
       "  'T_cw': array([[-0.24698922,  0.96712455, -0.0605511 , -0.290336  ],\n",
       "         [ 0.42202976,  0.05110983, -0.90514014, -0.343616  ],\n",
       "         [-0.87228849, -0.24911422, -0.42077892,  4.44985   ],\n",
       "         [ 0.        ,  0.        ,  0.        ,  1.        ]]),\n",
       "  'K': array([[1.43945e+03, 0.00000e+00, 9.58667e+02],\n",
       "         [0.00000e+00, 1.44116e+03, 7.20891e+02],\n",
       "         [0.00000e+00, 0.00000e+00, 1.00000e+00]]),\n",
       "  'dist_coeffs': array([ 6.15734e-02, -7.52698e-02, -5.13368e-04, -7.38036e-05]),\n",
       "  'width': 1920.0,\n",
       "  'height': 1440.0},\n",
       " 'frame_000220.jpg': {'R_cw': array([[-0.19074354,  0.98020176, -0.05311693],\n",
       "         [ 0.44198124,  0.03744067, -0.89624259],\n",
       "         [-0.87650983, -0.19442917, -0.44037236]]),\n",
       "  't_cw': array([[-0.543806],\n",
       "         [-0.419681],\n",
       "         [ 4.40211 ]]),\n",
       "  'T_cw': array([[-0.19074354,  0.98020176, -0.05311693, -0.543806  ],\n",
       "         [ 0.44198124,  0.03744067, -0.89624259, -0.419681  ],\n",
       "         [-0.87650983, -0.19442917, -0.44037236,  4.40211   ],\n",
       "         [ 0.        ,  0.        ,  0.        ,  1.        ]]),\n",
       "  'K': array([[1.43945e+03, 0.00000e+00, 9.58667e+02],\n",
       "         [0.00000e+00, 1.44116e+03, 7.20891e+02],\n",
       "         [0.00000e+00, 0.00000e+00, 1.00000e+00]]),\n",
       "  'dist_coeffs': array([ 6.15734e-02, -7.52698e-02, -5.13368e-04, -7.38036e-05]),\n",
       "  'width': 1920.0,\n",
       "  'height': 1440.0},\n",
       " 'frame_000230.jpg': {'R_cw': array([[-0.14597778,  0.98835296, -0.04299903],\n",
       "         [ 0.45616698,  0.02867957, -0.88943193],\n",
       "         [-0.87783949, -0.14945204, -0.45504057]]),\n",
       "  't_cw': array([[-0.749016],\n",
       "         [-0.477079],\n",
       "         [ 4.35361 ]]),\n",
       "  'T_cw': array([[-0.14597778,  0.98835296, -0.04299903, -0.749016  ],\n",
       "         [ 0.45616698,  0.02867957, -0.88943193, -0.477079  ],\n",
       "         [-0.87783949, -0.14945204, -0.45504057,  4.35361   ],\n",
       "         [ 0.        ,  0.        ,  0.        ,  1.        ]]),\n",
       "  'K': array([[1.43945e+03, 0.00000e+00, 9.58667e+02],\n",
       "         [0.00000e+00, 1.44116e+03, 7.20891e+02],\n",
       "         [0.00000e+00, 0.00000e+00, 1.00000e+00]]),\n",
       "  'dist_coeffs': array([ 6.15734e-02, -7.52698e-02, -5.13368e-04, -7.38036e-05]),\n",
       "  'width': 1920.0,\n",
       "  'height': 1440.0},\n",
       " 'frame_000240.jpg': {'R_cw': array([[-0.1148    ,  0.99253384, -0.04120106],\n",
       "         [ 0.47867841,  0.01892788, -0.87778626],\n",
       "         [-0.87045272, -0.12049192, -0.47727744]]),\n",
       "  't_cw': array([[-0.883019],\n",
       "         [-0.575879],\n",
       "         [ 4.30876 ]]),\n",
       "  'T_cw': array([[-0.1148    ,  0.99253384, -0.04120106, -0.883019  ],\n",
       "         [ 0.47867841,  0.01892788, -0.87778626, -0.575879  ],\n",
       "         [-0.87045272, -0.12049192, -0.47727744,  4.30876   ],\n",
       "         [ 0.        ,  0.        ,  0.        ,  1.        ]]),\n",
       "  'K': array([[1.43945e+03, 0.00000e+00, 9.58667e+02],\n",
       "         [0.00000e+00, 1.44116e+03, 7.20891e+02],\n",
       "         [0.00000e+00, 0.00000e+00, 1.00000e+00]]),\n",
       "  'dist_coeffs': array([ 6.15734e-02, -7.52698e-02, -5.13368e-04, -7.38036e-05]),\n",
       "  'width': 1920.0,\n",
       "  'height': 1440.0},\n",
       " 'frame_000250.jpg': {'R_cw': array([[-0.08738357,  0.99523582, -0.0432408 ],\n",
       "         [ 0.49975763,  0.00624766, -0.86614276],\n",
       "         [-0.86174615, -0.09729657, -0.49792264]]),\n",
       "  't_cw': array([[-0.998935],\n",
       "         [-0.664775],\n",
       "         [ 4.26431 ]]),\n",
       "  'T_cw': array([[-0.08738357,  0.99523582, -0.0432408 , -0.998935  ],\n",
       "         [ 0.49975763,  0.00624766, -0.86614276, -0.664775  ],\n",
       "         [-0.86174615, -0.09729657, -0.49792264,  4.26431   ],\n",
       "         [ 0.        ,  0.        ,  0.        ,  1.        ]]),\n",
       "  'K': array([[1.43945e+03, 0.00000e+00, 9.58667e+02],\n",
       "         [0.00000e+00, 1.44116e+03, 7.20891e+02],\n",
       "         [0.00000e+00, 0.00000e+00, 1.00000e+00]]),\n",
       "  'dist_coeffs': array([ 6.15734e-02, -7.52698e-02, -5.13368e-04, -7.38036e-05]),\n",
       "  'width': 1920.0,\n",
       "  'height': 1440.0},\n",
       " 'frame_000260.jpg': {'R_cw': array([[-0.05001252,  0.9978843 , -0.04154115],\n",
       "         [ 0.51724926, -0.00970167, -0.85577981],\n",
       "         [-0.85437226, -0.06428683, -0.51566971]]),\n",
       "  't_cw': array([[-1.16393 ],\n",
       "         [-0.731683],\n",
       "         [ 4.20605 ]]),\n",
       "  'T_cw': array([[-0.05001252,  0.9978843 , -0.04154115, -1.16393   ],\n",
       "         [ 0.51724926, -0.00970167, -0.85577981, -0.731683  ],\n",
       "         [-0.85437226, -0.06428683, -0.51566971,  4.20605   ],\n",
       "         [ 0.        ,  0.        ,  0.        ,  1.        ]]),\n",
       "  'K': array([[1.43945e+03, 0.00000e+00, 9.58667e+02],\n",
       "         [0.00000e+00, 1.44116e+03, 7.20891e+02],\n",
       "         [0.00000e+00, 0.00000e+00, 1.00000e+00]]),\n",
       "  'dist_coeffs': array([ 6.15734e-02, -7.52698e-02, -5.13368e-04, -7.38036e-05]),\n",
       "  'width': 1920.0,\n",
       "  'height': 1440.0},\n",
       " 'frame_000270.jpg': {'R_cw': array([[-0.0109028 ,  0.99909479, -0.04111854],\n",
       "         [ 0.53961451, -0.02874073, -0.84142151],\n",
       "         [-0.84184162, -0.03136201, -0.53881269]]),\n",
       "  't_cw': array([[-1.33328 ],\n",
       "         [-0.821688],\n",
       "         [ 4.13329 ]]),\n",
       "  'T_cw': array([[-0.0109028 ,  0.99909479, -0.04111854, -1.33328   ],\n",
       "         [ 0.53961451, -0.02874073, -0.84142151, -0.821688  ],\n",
       "         [-0.84184162, -0.03136201, -0.53881269,  4.13329   ],\n",
       "         [ 0.        ,  0.        ,  0.        ,  1.        ]]),\n",
       "  'K': array([[1.43945e+03, 0.00000e+00, 9.58667e+02],\n",
       "         [0.00000e+00, 1.44116e+03, 7.20891e+02],\n",
       "         [0.00000e+00, 0.00000e+00, 1.00000e+00]]),\n",
       "  'dist_coeffs': array([ 6.15734e-02, -7.52698e-02, -5.13368e-04, -7.38036e-05]),\n",
       "  'width': 1920.0,\n",
       "  'height': 1440.0},\n",
       " 'frame_000280.jpg': {'R_cw': array([[ 0.03191451,  0.99872012, -0.03923757],\n",
       "         [ 0.55726075, -0.0503696 , -0.8288084 ],\n",
       "         [-0.829724  ,  0.00458546, -0.55815504]]),\n",
       "  't_cw': array([[-1.51611 ],\n",
       "         [-0.884642],\n",
       "         [ 4.05047 ]]),\n",
       "  'T_cw': array([[ 0.03191451,  0.99872012, -0.03923757, -1.51611   ],\n",
